#Matriz 10 x 10


Ruta_barrio = [
    [0, 0, 2, 1, 0],
    [1, 1, 0, 1, 0],
    [0, 0, 2, 0, 0],
    [0, 1, 1, 0, 1],
    [0, 0, 0, 2, 0]
]


Ruta_barrio = [
    [0, 0, 1, 0, 0],
    [1, 2, 1, 0, 1],
    [0, 0, 0, 2, 0],
    [0, 1, 1, 1, 0],
    [0, 0, 2, 0, 0]
]


Ruta_barrio = [
    [0, 0, 0, 0, 1],
    [1, 2, 1, 0, 1],
    [0, 0, 0, 2, 0],
    [0, 1, 0, 1, 0],
    [0, 0, 2, 0, 0]
]

Ruta_barrio = [
    [0, 0, 2, 0, 0],
    [1, 1, 1, 1, 0],
    [0, 2, 0, 0, 0],
    [0, 1, 1, 1, 1],
    [0, 0, 2, 0, 0]
]


Ruta_barrio = [
    [0, 2, 0, 1, 0],
    [1, 0, 0, 1, 0],
    [0, 2, 0, 2, 0],
    [0, 1, 1, 0, 1],
    [0, 0, 0, 2, 0]
]


#Matriz de ejemplo 10x10
#    Ruta_barrio = [
#    [0, 0, 0, 1, 0, 0, 2, 0, 0, 0],
#    [1, 1, 0, 1, 0, 1, 1, 1, 1, 0],
#    [2, 0, 0, 0, 0, 0, 0, 0, 0, 0],
#    [0, 1, 1, 1, 1, 1, 0, 1, 1, 0],
#    [0, 0, 2, 0, 0, 0, 0, 1, 2, 0],
#    [1, 1, 0, 1, 1, 1, 0, 1, 0, 0],
#    [0, 0, 0, 0, 2, 0, 0, 0, 0, 1],
#    [0, 1, 1, 1, 0, 1, 1, 1, 0, 0],
#    [0, 0, 0, 1, 0, 0, 0, 1, 1, 0],
#    [1, 1, 0, 0, 0, 2, 0, 0, 0, 0]
#]

Ruta_barrio = [
    [0, 0, 0, 1, 0, 0, 2, 0, 0, 0],
    [1, 1, 0, 1, 0, 1, 1, 1, 1, 0],
    [2, 0, 0, 0, 0, 0, 0, 0, 0, 0],
    [0, 1, 1, 1, 1, 1, 0, 1, 1, 0],
    [0, 0, 2, 0, 0, 0, 1, 1, 2, 0],
    [1, 1, 0, 1, 1, 1, 0, 1, 0, 0],
    [0, 0, 0, 0, 2, 0, 0, 0, 0, 1],
    [0, 1, 1, 1, 0, 1, 1, 1, 0, 0],
    [2, 2, 0, 1, 0, 0, 1, 1, 1, 0],
    [1, 1, 0, 0, 0, 2, 0, 0, 0, 0]
]